"pagos","gratis","carga.paga","carga.gratis","correio"
258,0,5760,0,0
8456,93,176452,9464,0
2192,27,20394,0,0
3617,30,95737,0,0
6731,66,238304,10097,0
1589,25,20022,0,0
3097,42,93083,0,0
8161,70,214822,4435,0
2093,23,64086,0,0
3502,35,76723,0,0
8739,72,303666,3680,0
2003,25,57352,165,0
3361,29,63683,14659,0
8608,49,145605,1715,0
2259,24,32215,0,0
3423,14,71886,0,0
8309,74,177138,0,0
2064,33,61632,0,0
3135,26,86259,0,0
6951,58,140770,0,0
1382,9,43922,0,0
3044,24,99110,0,0
8277,86,131151,0,0
2116,17,44417,0,0
3177,42,71982,0,0
7741,52,151480,0,0
1884,22,63138,0,0
239,3,13665,0,0
3310,38,92031,0,0
7241,60,189878,0,0
1597,16,89237,0,0
2799,29,104217,0,0
6290,43,180185,545,0
1640,10,75499,0,0
2625,24,95186,202,0
8068,66,266553,0,0
2009,21,53598,0,0
3161,32,65357,0,0
11237,282,444884,7414,0
14858,115,479396,8486,1079
265,0,4475,135,0
10006,185,384529,6697,0
12765,105,493026,8415,1260
10758,167,381310,7172,0
15267,162,689917,9459,7595
9300,103,412478,5981,25
13393,72,513141,7070,6444
2101,46,12493,841,0
11289,135,398032,7412,15
17643,109,575487,9493,12253
2434,31,7943,0,0
10778,116,506630,7176,0
16936,106,570183,8934,9138
2308,44,3432,808,0
718,16,37649,778,0
9976,181,490199,9033,0
17340,77,480998,9570,11015
2402,44,2592,1179,0
380,1,21294,239,0
10507,137,335687,7771,456
18738,73,574998,9462,8866
2262,33,8880,1179,0
10430,141,294298,7648,22
15679,169,696313,10160,6997
265,0,18070,178,774
2190,49,15103,1052,0
9865,149,271276,7739,0
14794,86,624625,8929,7082
180,2,28605,178,0
251,9,2844,135,0
2757,56,25613,1351,0
12808,199,382616,9577,0
14569,155,689871,13579,9567
2906,52,35047,1496,0
14120,278,552866,9818,0
16770,148,621127,10539,21854
7706,318,45221,0,3
13358,320,226400,0,0
6360,278,47211,0,3
10414,262,249460,0,0
6365,336,181405,0,3
11275,258,267150,2946,0
7710,211,128727,0,1
12421,179,194915,0,0
7560,175,120631,0,0
12440,267,133149,0,0
7418,136,178539,0,16
12584,233,177377,0,0
6135,201,114014,0,0
12130,300,145200,0,0
269,5,0,0,0
6861,209,34515,0,80
12137,356,123239,0,0
7268,224,22124,0,5
13354,318,163144,0,0
6072,173,33438,0,0
12055,211,141218,0,0
5401,189,33980,0,7
13025,244,111464,0,0
6752,186,36877,0,0
15888,270,140803,0,40
6090,257,241782,0,0
5504,301,268359,0,0
6241,311,213392,0,0
6238,160,220287,0,0
0,0,10956,0,0
0,0,5575,0,0
4828,177,168530,0,0
10296,405,295368,0,0
10160,411,282009,0,0
11658,401,267642,0,0
8117,367,174253,0,0
7333,341,200494,0,0
6857,312,184439,0,0
208,25,0,0,0
8431,375,206740,0,0
5332,237,182260,0,0
7838,352,403546,0,546
4292,283,275432,0,99
6191,210,518823,0,0
4461,224,289936,0,10
7832,241,556580,0,0
5160,204,316836,0,0
8501,249,504517,0,0
5928,153,242482,0,38
8622,181,519635,0,383
5935,161,399666,0,0
8157,160,449590,0,0
5443,191,388410,0,0
7432,189,461071,0,0
5726,193,349802,0,0
7805,227,470585,0,0
5850,180,372807,0,0
7843,198,569923,0,0
4933,209,365010,0,0
6963,201,572497,0,0
5004,175,492363,0,0
7126,221,633963,0,0
5828,238,410645,0,0
8682,269,568984,0,0
838,0,42485,0,0
1224,0,26882,0,11018
636,0,41475,0,0
1275,0,22026,0,9909
1061,0,46605,0,0
1054,0,23314,0,7185
1319,0,61100,0,0
1093,0,43810,0,5722
1491,0,39010,0,0
1397,0,51060,0,12942
1107,0,33920,0,0
1424,0,76892,0,13287
1361,0,41175,0,0
1200,0,42588,0,9319
1473,0,64679,0,0
1325,0,29243,0,6454
1341,0,61985,0,0
1685,0,36324,0,14833
898,0,39170,0,0
1479,0,50666,0,14596
860,0,67266,0,3392
1041,0,40553,0,21525
816,0,66984,0,0
1197,0,22837,0,9310
986,0,14723,0,0
1182,0,14048,0,0
983,0,4913,0,0
925,0,11719,0,0
923,0,5241,0,0
944,0,11527,0,0
972,0,24784,0,0
983,0,0,0,0
937,0,6494,0,0
990,0,9207,0,0
976,0,4565,0,0
245,0,4579,0,0
973,0,188,0,0
1223,0,11606,0,0
1352,0,9681,0,0
978,0,18159,0,0
2269,0,5842,0,0
953,0,2865,0,0
2039,0,254,0,0
1204,0,0,0,0
2082,0,13452,0,0
962,0,4100,0,0
1601,0,23464,0,0
1158,0,9607,0,0
1992,0,37883,0,0
922,0,16135,0,0
2120,0,38496,0,0
976,0,14241,0,0
0,0,0,0,0
0,0,0,0,0
0,0,0,0,0
0,0,0,0,0
0,0,0,0,0
0,0,0,0,0
0,0,4080,0,0
0,0,23243,0,0
0,0,0,0,0
0,0,244089,0,0
0,0,3253,0,0
0,0,0,0,0
0,0,0,0,0
0,0,461517,0,0
0,0,109283,0,0
0,0,456522,0,0
0,0,38655,0,0
0,0,0,0,0
0,0,0,0,0
0,0,0,0,0
0,0,0,0,0
0,0,0,0,0
0,0,0,0,0
0,0,0,0,0
0,0,0,0,0
0,0,3468,0,0
0,0,0,0,0
0,0,29,0,0
0,0,110642,0,0
0,0,90211,0,0
0,0,0,0,0
0,0,30395,0,0
0,0,615454,0,0
0,0,177754,0,0
0,0,571213,0,0
0,0,34383,0,0
0,0,0,0,0
0,0,0,0,0
0,0,0,0,0
0,0,0,0,0
0,0,0,0,0
0,0,0,0,0
0,0,1845,0,0
0,0,0,0,0
0,0,4292,0,0
0,0,21732,0,0
0,0,0,0,0
0,0,353300,0,0
0,0,0,0,0
0,0,223042,0,0
0,0,439177,0,0
0,0,151765,0,0
0,0,503809,0,0
0,0,36184,0,0
0,0,0,0,0
0,0,0,0,0
0,0,0,0,0
0,0,0,0,0
0,0,0,0,0
0,0,0,0,0
0,0,12,0,0
0,0,0,0,0
0,0,7132,0,0
0,0,100603,0,0
0,0,0,0,0
0,0,444063,0,0
0,0,293391,0,0
0,0,0,0,0
0,0,593914,0,0
0,0,129509,0,0
0,0,527017,0,0
0,0,63430,0,0
0,0,0,0,0
0,0,0,0,0
0,0,0,0,0
0,0,0,0,0
0,0,0,0,0
0,0,0,0,0
0,0,0,0,0
0,0,0,0,0
0,0,34179,0,0
0,0,44470,0,0
0,0,14571,0,0
0,0,0,0,0
0,0,70653,0,0
0,0,0,0,0
0,0,0,0,0
0,0,275854,0,0
0,0,248469,0,0
0,0,0,0,0
0,0,562175,0,0
0,0,82389,0,0
0,0,162891,0,0
0,0,549696,0,0
0,0,25869,0,0
0,0,0,0,0
0,0,0,0,0
0,0,0,0,0
0,0,0,0,0
0,0,0,0,0
0,0,0,0,0
0,0,0,0,0
0,0,0,0,0
0,0,0,0,0
0,0,0,0,0
0,0,2603,0,0
0,0,381569,0,0
0,0,0,0,0
0,0,0,0,0
0,0,647167,0,0
0,0,436276,0,0
0,0,127606,0,0
0,0,470568,0,0
0,0,33098,0,0
0,0,0,0,0
0,0,0,0,0
0,0,0,0,0
0,0,0,0,0
0,0,0,0,0
0,0,0,0,0
0,0,0,0,0
0,0,28487,0,0
0,0,0,0,0
0,0,0,0,0
0,0,0,0,0
0,0,1869,0,0
0,0,173562,0,0
0,0,0,0,0
0,0,236188,0,0
0,0,0,0,0
0,0,531897,0,0
0,0,102610,0,0
0,0,374002,81590,0
0,0,42053,5929,0
0,0,0,0,0
0,0,0,0,0
0,0,0,0,0
0,0,0,0,0
0,0,0,0,0
0,0,56612,0,0
0,0,10220,0,0
0,0,0,0,0
0,0,59,0,0
0,0,0,0,0
0,0,7142,0,0
0,0,28112,0,0
0,0,0,0,0
0,0,129806,0,0
0,0,19627,0,0
0,0,715401,0,0
0,0,165543,0,0
0,0,503749,0,0
0,0,52616,0,0
0,0,0,0,0
0,0,4142,0,0
0,0,0,0,0
0,0,0,0,0
0,0,0,0,0
0,0,0,0,0
0,0,0,0,0
0,0,3507,0,0
0,0,0,0,0
0,0,0,0,0
0,0,0,0,0
0,0,5654,0,0
0,0,37311,0,0
0,0,0,0,0
0,0,217950,0,0
0,0,192145,0,0
0,0,555045,0,0
0,0,111250,0,0
0,0,544448,0,0
0,0,34405,0,0
0,0,0,0,0
0,0,65261,0,0
0,0,0,0,0
0,0,0,0,0
0,0,0,0,0
0,0,0,0,0
0,0,0,0,0
0,0,0,0,0
0,0,1058,0,0
0,0,0,0,0
0,0,20656,0,0
0,0,0,0,0
0,0,173497,0,0
0,0,489582,0,0
0,0,668147,0,0
0,0,102723,0,0
0,0,457951,0,0
0,0,66417,0,0
0,0,0,0,0
0,0,77020,0,0
0,0,0,0,0
0,0,0,0,0
0,0,0,0,0
0,0,0,0,0
0,0,0,0,0
0,0,45881,0,0
0,0,0,0,0
0,0,0,0,0
0,0,0,0,0
0,0,0,0,0
0,0,0,0,0
0,0,2021,0,0
0,0,30397,0,0
0,0,0,0,0
0,0,240074,0,0
0,0,281012,0,0
0,0,208951,0,0
0,0,416105,0,0
0,0,160135,0,0
0,0,305037,0,0
0,0,193641,0,0
0,0,0,0,0
0,0,56452,0,0
0,0,0,0,0
0,0,0,0,0
0,0,0,0,0
0,0,0,0,0
0,0,0,0,0
0,0,164892,0,0
0,0,0,0,0
0,0,0,0,0
0,0,0,0,0
0,0,0,0,0
0,0,0,0,0
0,0,0,0,0
0,0,3259,0,0
0,0,0,0,0
0,0,15132,0,0
0,0,0,0,0
0,0,116749,0,0
0,0,0,0,0
0,0,110264,0,0
0,0,208171,0,0
0,0,448532,0,0
0,0,141315,0,0
0,0,0,0,0
0,0,313649,0,0
0,0,133312,7776,0
0,0,0,0,0
0,0,0,0,0
0,0,12400,0,0
0,0,0,0,0
0,0,43036,0,0
0,0,0,0,0
10935,0,436182,0,0
10939,1,426955,0,47485
7785,0,342784,0,0
9022,0,415695,0,51255
9839,1,528697,0,0
10389,2,423652,0,61891
9709,0,518484,0,0
10710,0,322211,0,48169
10783,0,523095,0,0
10837,0,367596,0,53719
10233,3,716790,0,39
10027,0,334040,0,56601
10236,0,504607,0,0
10083,0,295301,0,49664
7463,0,359578,0,0
10543,0,396283,0,45258
9973,1,439439,0,0
10216,0,453605,0,43203
3747,2,171264,0,0
9972,0,457455,0,46346
2849,3,159679,0,0
9929,0,401248,0,78154
9523,2,411164,0,0
10853,0,333757,0,111173
2351,0,29825,0,0
2133,0,47432,0,0
1873,0,24028,0,0
2465,0,34204,0,0
2437,0,46177,0,0
2400,0,87486,0,0
2089,0,77452,0,0
2505,0,95484,0,0
2331,0,86866,0,0
1822,0,39658,0,0
1707,0,55341,0,0
2138,0,36581,0,0
0,0,0,0,0
0,0,0,0,0
0,0,0,0,0
0,0,518846,0,0
0,0,0,0,0
0,0,0,0,0
0,0,0,0,0
0,0,0,0,0
0,0,446451,0,0
0,0,0,0,0
0,0,0,0,0
0,0,0,0,0
0,0,0,0,0
0,0,703510,0,0
0,0,0,0,0
0,0,0,0,0
0,0,114835,0,0
0,0,3680,0,0
0,0,994559,0,0
0,0,122171,0,0
0,0,0,0,0
0,0,0,0,0
0,0,0,0,0
0,0,14029,0,0
0,0,0,0,0
0,0,456460,0,0
0,0,0,0,0
0,0,0,0,0
0,0,0,0,0
0,0,0,0,0
0,0,766140,0,0
0,0,0,0,0
0,0,0,0,0
0,0,0,0,0
0,0,0,0,0
0,0,0,0,0
0,0,645207,0,0
0,0,62071,0,0
0,0,0,0,0
0,0,0,0,0
0,0,61145,0,0
0,0,8888,0,0
0,0,653730,0,0
0,0,21105,0,0
0,0,0,0,0
0,0,0,0,0
0,0,0,0,0
0,0,0,0,0
0,0,55279,0,0
0,0,587084,0,0
0,0,0,0,0
0,0,0,0,0
0,0,0,0,0
0,0,0,0,0
0,0,78276,2364,0
0,0,36095,0,0
0,0,847329,0,0
0,0,223941,0,0
0,0,0,0,0
0,0,0,0,0
0,0,50941,0,0
0,0,863330,0,0
0,0,322213,0,0
0,0,0,0,0
0,0,72275,0,0
0,0,48146,0,0
0,0,867798,0,0
0,0,403327,0,0
4740,0,142511,0,45
8593,169,63587,0,0
4102,0,140312,0,0
7413,79,61290,0,0
3957,0,133000,0,90
7592,102,66545,2220,0
4891,286,125538,0,85
8501,117,106425,0,0
274,0,0,0,0
4859,0,117245,0,145
8710,214,128374,0,0
5819,0,145665,0,970
8699,172,130760,0,0
5287,0,152138,0,20
8557,159,162724,0,0
6063,0,133010,0,65
8623,184,138998,0,0
268,9,0,0,0
5196,0,124043,0,15
8038,166,114985,0,0
5585,0,154362,0,815
7804,142,117375,0,0
4833,0,171405,0,2
7004,125,160480,0,0
6288,0,148346,0,99
9218,164,261260,9175,0
0,0,0,0,0
831,0,0,0,0
391,0,22856,0,0
0,0,0,0,0
554,0,20,0,0
229,0,19236,0,0
0,0,0,0,0
507,0,0,0,0
516,0,24288,0,0
0,0,0,0,0
663,0,0,0,0
231,0,18944,0,0
9136,145,188974,0,76
10937,59,373897,0,2865
8558,82,307892,0,0
10063,51,381572,0,1991
9009,69,404117,0,0
10269,63,507486,0,3480
1070,10,55252,0,529
8679,63,475640,0,0
9864,29,389289,0,7061
1620,1,78934,0,0
2025,73,4472,0,0
9276,91,375851,0,0
10633,44,411082,0,6470
798,0,29984,0,459
2531,31,23600,0,0
8895,54,460951,0,0
10720,14,375542,0,8163
793,7,27329,0,690
3188,25,10476,0,0
8415,88,447574,0,0
277,3,20943,0,0
10045,22,273257,0,6902
1553,11,35552,0,3462
291,11,12153,0,0
1797,28,19317,0,0
8190,125,330528,0,0
9625,28,318753,0,6991
1928,10,91313,0,598
323,2,14350,0,968
3160,27,46401,0,0
8672,47,277098,0,0
8957,70,363385,0,6588
396,5,11644,0,0
0,0,0,0,0
2964,64,61668,0,0
7468,92,245364,0,0
9403,28,367373,0,6215
989,0,25573,0,168
2631,59,131727,0,0
7670,82,341862,0,0
9021,49,366999,168,7495
608,7,25961,0,750
378,1,17992,0,1001
3416,68,127736,0,0
7879,94,347672,0,0
10678,62,388454,0,6238
706,2,33614,0,0
8053,63,387711,434,2992
776,15,144506,40,0
6300,64,363507,152,2808
671,5,95813,51,0
5267,21,278294,881,2807
608,23,90484,591,0
0,0,541,0,0
0,0,12054,0,0
0,0,10462,0,0
237,1,21519,0,0
0,0,0,0,0
0,0,0,0,0
0,0,574368,0,0
0,0,0,0,0
0,0,0,0,0
0,0,607667,0,0
0,0,0,0,0
0,0,0,0,0
0,0,650939,0,0
0,0,0,0,0
0,0,0,0,0
0,0,29530,0,0
0,0,0,0,0
0,0,260318,0,0
0,0,318,0,0
0,0,316371,0,0
0,0,0,0,0
0,0,0,0,0
0,0,0,0,0
0,0,0,0,0
0,0,44959,0,0
0,0,296008,0,0
0,0,0,0,0
0,0,360523,0,0
0,0,0,0,0
0,0,0,0,0
0,0,0,0,0
0,0,0,0,0
0,0,0,0,0
0,0,0,0,0
0,0,10162,0,0
0,0,0,0,0
0,0,24571,0,0
0,0,0,0,0
0,0,319862,0,0
0,0,0,0,0
0,0,338984,0,0
0,0,0,0,0
0,0,0,0,0
0,0,0,0,0
0,0,0,0,0
0,0,71015,0,0
0,0,0,0,0
0,0,0,0,0
0,0,30741,0,0
0,0,341751,0,0
0,0,0,0,0
0,0,193294,0,0
0,0,0,0,0
0,0,0,0,0
0,0,0,0,0
0,0,0,0,0
0,0,131579,0,0
0,0,0,0,0
0,0,0,0,0
0,0,21155,0,0
0,0,282814,0,0
0,0,0,0,0
0,0,341426,0,0
0,0,0,0,0
0,0,0,0,0
0,0,0,0,0
0,0,0,0,0
0,0,0,0,0
0,0,0,0,0
0,0,0,0,0
0,0,26700,0,0
0,0,355125,0,0
0,0,0,0,0
0,0,508458,0,0
0,0,0,0,0
0,0,0,0,0
0,0,0,0,0
0,0,0,0,0
0,0,0,0,0
0,0,0,0,0
0,0,0,0,0
0,0,0,0,0
0,0,32996,0,0
0,0,0,0,0
0,0,0,0,0
0,0,291826,0,0
0,0,0,0,0
0,0,468353,0,0
0,0,19672,0,0
0,0,0,0,0
0,0,0,0,0
0,0,0,0,0
0,0,0,0,0
0,0,0,0,0
0,0,0,0,0
0,0,39299,0,0
0,0,0,0,0
0,0,61,0,0
0,0,0,0,0
0,0,26885,0,0
0,0,443453,0,0
0,0,0,0,0
0,0,292521,0,0
0,0,0,0,0
0,0,0,0,0
0,0,0,0,0
0,0,0,0,0
0,0,0,0,0
0,0,10012,0,0
0,0,325748,0,0
0,0,0,0,0
0,0,325311,0,0
0,0,86402,0,0
0,0,0,0,0
0,0,0,0,0
0,0,0,0,0
0,0,0,0,0
0,0,15089,0,0
0,0,0,0,0
0,0,0,0,0
0,0,0,0,0
0,0,0,0,0
0,0,0,0,0
0,0,6126,0,0
0,0,0,0,0
0,0,0,0,0
0,0,0,0,0
0,0,0,0,0
0,0,0,0,0
0,0,0,0,0
0,0,94111,0,0
0,0,0,0,0
0,0,0,0,0
0,0,0,0,0
0,0,0,0,0
0,0,0,0,0
0,0,0,0,0
0,0,60241,0,0
0,0,0,0,0
0,0,0,0,0
0,0,0,0,0
0,0,0,0,0
0,0,0,0,0
0,0,0,0,0
0,0,15728,0,0
0,0,0,0,0
0,0,0,0,0
0,0,0,0,0
0,0,0,0,0
0,0,0,0,0
0,0,161161,0,0
0,0,0,0,0
0,0,0,0,0
0,0,0,0,0
0,0,0,0,0
0,0,0,0,0
0,0,252459,0,0
0,0,0,0,0
0,0,0,0,0
0,0,0,0,0
0,0,0,0,0
0,0,0,0,0
0,0,0,0,0
0,0,96006,0,0
0,0,0,0,0
0,0,0,0,0
0,0,0,0,0
0,0,0,0,0
0,0,0,0,0
0,0,78049,0,0
0,0,0,0,0
0,0,0,0,0
0,0,0,0,0
0,0,0,0,0
0,0,0,0,0
0,0,54900,0,0
0,0,0,0,0
0,0,0,0,0
0,0,0,0,0
0,0,0,0,0
0,0,0,0,0
0,0,23427,0,0
0,0,0,0,0
0,0,0,0,0
0,0,0,0,0
0,0,0,0,0
0,0,0,0,0
0,0,79647,0,0
0,0,0,0,0
0,0,0,0,0
0,0,0,0,0
0,0,0,0,0
6486,0,531635,0,12653
5237,0,345511,0,14798
8374,3,573067,0,19830
9954,0,576525,0,13630
10215,0,431903,0,21050
0,0,0,0,0
9761,0,578930,0,15128
9962,0,547281,0,21644
9999,0,628275,0,17159
9354,0,531044,0,17888
9162,1,562022,0,19904
8547,0,667905,0,27148
9919,0,618257,0,22946
10848,20,466606,0,0
11131,29,500028,0,5012
6193,39,120263,0,0
10496,60,384180,0,0
6094,27,169036,0,4176
9596,20,435640,152,7032
9527,73,391441,465,3617
5200,58,78881,250,0
9071,63,398706,1001,1798
5472,36,146753,0,2648
0,0,0,0,0
10951,37,511971,638,6899
10765,58,398721,208,5344
0,0,0,0,0
6336,80,172985,0,0
2337,23,82337,0,1141
10470,114,448594,1365,7697
6315,37,189317,0,4316
1603,16,30607,0,0
0,0,0,0,0
10899,42,419902,711,8782
10927,63,466557,443,5053
6208,35,91296,0,145
10873,59,519544,403,4131
9818,68,315807,1533,2556
6089,17,168682,197,3281
3503,33,14427,0,0
10889,1,409414,656,3234
11253,22,468194,888,2473
6366,19,77496,915,0
11110,28,294503,0,1794
9903,8,322770,1945,5471
6241,13,181930,146,1786
3271,3,37419,196,0
10479,50,339419,682,5955
12686,120,392589,496,5532
9542,43,67358,250,0
10603,90,203675,0,4063
9434,74,279568,1299,1776
5943,37,162488,8,3980
3633,39,23192,14,0
10479,56,387826,189,7368
11571,115,591216,1278,4137
9719,42,87216,0,0
9552,77,383381,3,3138
9379,91,250005,2360,3171
6245,36,190000,206,3656
6287,49,16575,87,0
10548,57,562646,1143,5104
13758,162,590527,453,4670
9872,67,183401,0,0
10765,80,494326,242,3501
9678,67,249162,1398,1915
6231,49,147556,109,4288
6304,53,57326,0,0
10312,59,480503,308,6805
11580,99,562614,319,2998
209,0,0,0,0
9624,40,222531,0,0
10010,119,549639,1,2780
9618,93,279155,1027,2096
5931,43,130664,43,2602
6108,64,63265,0,0
4233,108,55343,0,0
0,0,0,0,0
9917,69,441652,711,3998
10444,52,572476,610,5902
9440,85,173224,0,0
9156,75,478235,253,25841
8243,86,281283,1124,957
6002,37,132283,268,3838
5710,57,53627,0,0
4388,79,73969,0,0
8640,40,496252,516,5111
9446,64,493007,607,8471
8510,52,278819,0,0
8822,61,497262,228,9627
6958,90,367906,24441,7255
5254,36,155880,511,4157
4982,52,28305,70,0
4288,69,49592,0,0
0,0,0,0,0
9925,22,567691,105,5617
9915,56,449673,82,1385
6973,36,243298,0,0
9550,89,593186,95,7646
8171,43,308914,1989,13082
5988,17,150325,12,4895
5840,30,56943,0,0
4414,43,145934,0,0
226,0,0,0,0
226,0,0,0,0
1988,5,917,0,0
6926,44,3267,0,0
6884,44,37812,0,0
6877,93,299571,0,0
2192,24,29391,0,0
10961,182,189534,0,0
2226,18,30221,0,0
15542,185,299432,0,4319
3379,70,41253,0,0
9676,113,236583,0,0
4332,107,194489,0,0
7151,89,332040,0,0
262,6,17987,0,0
1561,14,3230,0,0
5281,30,9734,0,57
5724,13,23475,0,0
5375,84,361835,0,0
1813,20,30299,0,0
9562,188,213369,0,117
1935,21,27766,0,0
13381,154,282806,0,3085
2833,92,50892,0,0
7399,87,310094,0,0
3527,87,191358,0,0
262,6,17987,0,0
5265,58,246548,0,0
1869,10,5574,0,0
6018,48,11625,0,0
6164,27,131836,0,0
5586,52,324819,0,0
2067,31,37387,0,0
10913,170,306708,0,0
1973,19,27433,0,0
15765,192,265072,0,4268
739,15,14565,0,0
7817,102,359215,0,0
3708,140,202102,0,0
6328,67,349110,0,0
1853,23,15964,0,0
7322,59,2238,0,0
5951,43,142568,0,235
6290,127,322799,0,0
2315,28,40647,0,0
10562,126,264644,0,4331
2087,32,9258,0,0
15243,178,341019,0,1015
4336,74,48152,0,0
7883,66,203456,0,0
3473,115,98542,0,0
7365,85,338667,0,0
955,1,5549,0,0
2143,13,36500,0,0
5714,30,5374,0,0
5734,63,97153,0,0
5709,72,229604,0,0
2292,17,22988,0,0
12290,224,207241,0,0
1981,23,10237,0,0
16818,228,261869,0,1203
3803,85,71106,0,0
8624,52,232843,0,0
3272,57,130957,0,0
7688,50,302521,0,0
2787,18,13853,0,0
7060,47,13719,0,0
7580,38,136768,0,0
6672,51,348595,17167,510
1836,17,30013,0,0
12930,126,374611,0,0
2090,15,12147,0,0
19211,253,321343,0,4761
4034,58,112232,0,0
8496,46,273390,0,0
2226,10,42194,0,0
6058,38,315664,0,0
2945,16,25675,0,0
6813,65,2455,0,0
6887,45,77048,0,0
6817,50,320288,0,0
1997,18,48078,0,0
12797,150,301266,0,0
1465,14,9365,0,0
17971,223,177721,0,6829
3888,88,84489,0,0
9254,79,351012,0,0
2435,18,37507,0,0
6134,45,343091,0,0
2561,22,20178,0,0
6836,44,36587,0,0
7126,48,85828,0,0
6725,84,241534,0,0
1835,27,30434,0,0
13008,169,236543,0,0
1802,21,6165,0,0
17706,306,138402,0,3325
3860,77,52365,0,0
8995,113,418464,0,0
2657,22,60532,0,0
6546,57,351652,0,0
274,0,112,0,0
2949,17,55938,0,0
274,0,112,0,0
6925,37,10049,0,0
7290,44,233412,0,0
6716,64,306709,0,0
1857,26,37648,0,0
13161,158,235976,0,0
2069,11,12383,0,0
18796,233,146074,0,1698
4054,107,39000,0,0
8273,105,373610,0,0
2455,31,117312,0,0
6186,45,301501,0,0
1737,15,28112,0,0
5351,21,52487,0,0
5995,24,100750,0,0
5954,59,295487,0,0
1894,18,34424,0,0
8866,113,233656,0,0
1818,12,6144,0,0
17613,223,207808,0,6451
3210,69,32122,0,0
6936,76,415831,0,0
2235,23,132565,0,0
5086,49,312025,0,0
1359,9,27142,0,0
4142,30,26586,0,0
4181,25,166139,0,0
6096,105,337068,0,0
1755,14,29628,0,0
8289,152,224507,0,0
1522,21,15550,0,0
15652,222,186363,0,1783
1963,46,36448,0,0
6035,100,262296,0,0
3015,57,163081,0,0
5525,61,376798,0,0
2413,18,34069,0,47
6065,43,19805,0,0
5790,38,170868,0,0
6547,88,271183,0,0
1796,36,25270,0,0
10065,153,237219,0,0
1974,21,9314,0,0
18305,241,415093,0,1306
2871,68,31681,0,0
7641,95,465638,0,0
3439,68,264392,0,0
6364,72,307505,0,0
0,0,0,0,0
0,0,0,0,0
0,0,0,0,0
0,0,0,0,0
0,0,0,0,0
0,0,0,0,0
0,0,0,0,0
0,0,0,0,0
0,0,0,0,0
0,0,0,0,0
0,0,0,0,0
0,0,0,0,0
0,0,0,0,0
0,0,0,0,0
0,0,0,0,0
0,0,0,0,0
0,0,0,0,0
0,0,0,0,0
0,0,0,0,0
0,0,0,0,0
0,0,0,0,0
0,0,0,0,0
0,0,0,0,0
0,0,0,0,0
0,0,0,0,0
0,0,0,0,0
0,0,0,0,0
0,0,0,0,0
0,0,0,0,0
0,0,0,0,0
0,0,0,0,0
0,0,0,0,0
0,0,0,0,0
0,0,0,0,0
