"pagos","gratis","carga.paga","carga.gratis","correio"
4754,112,19,0,0
5355,183,111934,0,0
3471,17,157,0,0
1982,61,5809,0,0
5703,216,151416,0,0
13736,476,314169,0,185
8551,258,439484,0,0
6550,193,320354,0,0
4827,74,135411,0,0
20954,638,523158,0,41003
3383,58,128,0,0
3114,98,77024,0,0
2127,24,23,0,0
888,63,4878,0,0
3974,175,188903,0,0
8354,381,366052,0,252
6618,218,354408,0,720
4923,149,386653,0,0
3549,65,139441,0,0
14509,548,684425,0,36288
3983,67,29,0,0
3650,136,84920,0,0
2142,42,0,0,0
4254,232,449968,0,0
5712,316,410414,0,101
7466,312,386258,0,3695
5988,151,535625,0,0
5500,82,224700,0,0
15572,613,802280,0,50176
0,0,0,0,0
0,0,0,0,0
4158,115,27003,0,0
3901,139,90720,0,0
2241,29,4,0,0
5476,332,408530,0,1819
6332,344,481451,0,129
7121,293,478403,0,9898
0,0,0,0,0
7395,167,477178,0,0
5869,134,193649,0,0
17587,692,1057631,0,53922
0,0,0,0,0
476,14,28150,0,1099
4107,72,2863,0,0
4914,148,109926,0,0
2209,33,3314,0,0
5861,226,199810,0,1460
6649,351,328951,0,125
7480,357,367537,0,10868
7772,180,441299,0,0
5790,92,186641,0,0
18204,624,746886,0,42490
0,0,0,0,0
272,5,16439,0,0
3766,58,13,0,0
3293,112,132926,0,0
2560,27,0,0,0
4672,196,338498,0,0
5918,324,463838,0,1764
7023,388,352877,0,10881
6286,161,441243,0,521
6898,80,223395,0,0
17962,532,946093,0,54452
3714,121,52,0,0
3779,133,142110,0,0
2161,38,166,0,0
6244,283,393064,0,0
6887,323,515512,0,130
6383,573,370594,0,12756
6546,267,483111,0,4
7185,118,191380,0,0
16977,696,902889,0,49665
4051,120,98,0,0
2364,106,67010,0,0
2413,38,15,0,0
5368,191,262821,0,0
7270,343,411474,0,278
7586,479,431599,0,15231
7616,177,505021,0,0
7106,138,289304,0,0
16897,685,986170,2726,55247
170,1,12656,0,0
3782,87,0,0,9
2295,37,46,0,0
4052,160,217363,0,0
6746,318,291829,0,3109
5874,406,436680,0,18608
6609,177,487336,0,661
5615,76,265513,0,0
13104,524,640682,0,50116
159,12,11679,0,2237
4024,86,2,0,0
2360,42,0,0,0
4033,132,170860,0,204
6488,303,304343,0,132
7518,353,483068,0,20376
6324,181,494345,0,0
5387,98,239597,0,0
13297,588,632070,0,53636
4011,98,0,0,0
2809,27,76,0,0
4399,191,186673,0,0
6505,246,227854,0,122
7028,362,470491,0,15612
6372,194,362261,5,22816
5519,105,214561,0,0
13738,576,648132,0,49808
4845,88,12,0,0
3376,35,11,0,0
5363,197,172336,0,0
10627,285,283108,0,152
7962,298,443542,0,16463
7697,339,455819,0,0
5696,122,154960,0,0
15936,543,611378,0,45760
11842,188,251696,0,4173
8253,188,304924,0,4240
8761,147,453131,10956,4937
7336,168,346029,0,4989
8775,174,401518,0,4607
8184,117,321333,16206,4708
8458,155,248346,0,4982
9562,124,403041,0,5992
8228,155,386303,0,4500
8602,170,417628,0,5587
11034,180,303841,0,3363
13261,163,328101,0,6610
11239,0,595929,0,0
7303,0,596923,0,0
7720,0,712803,0,0
8700,0,644560,0,0
7054,0,396529,0,0
6593,0,362535,0,0
6725,0,308800,0,0
234,0,6835,0,0
6805,0,367289,0,0
6600,0,366320,0,0
6752,0,371425,0,0
9179,0,489855,0,0
10698,0,541705,0,0
2804,29,111,0,0
2650,63,80655,0,0
11074,313,481799,0,0
7546,190,107272,0,0
4130,52,70338,0,0
1934,6,22,0,0
2181,33,13788,0,0
7451,320,482731,0,0
5349,223,195579,0,0
3451,40,101029,0,0
2269,19,82,0,0
2740,61,15688,0,0
9814,323,599240,0,0
7183,219,412172,0,0
3851,48,102726,0,0
2687,25,17,0,0
3262,70,21988,0,0
10615,328,599166,0,0
7707,172,384706,0,0
3859,99,104549,0,0
2447,24,8432,0,0
0,0,13777,0,0
2368,88,15891,0,0
0,0,77650,0,0
0,0,30112,0,0
8051,208,361573,0,0
6431,218,237117,0,0
852,12,30655,0,0
3064,73,71414,0,0
2237,13,1,0,0
2951,73,42322,0,0
8298,253,564433,0,0
6882,162,401361,0,0
2523,9,38838,0,0
3658,40,16602,0,0
0,0,23906,0,0
2694,11,161,0,0
251,3,0,0,0
3001,55,50160,0,0
10473,230,606621,0,0
6832,176,366890,0,0
2894,25,65643,0,0
4077,37,71178,0,0
227,0,23207,0,0
2587,24,152,0,0
227,0,0,0,0
2793,68,141306,0,0
9070,319,374461,0,0
6812,217,269372,0,0
1991,6,18899,0,0
3443,63,52410,0,0
1795,26,52,0,0
2619,91,156417,0,0
7074,286,450211,0,0
6682,233,474985,0,0
837,15,4687,0,0
2772,68,14231,0,0
1676,21,2,0,0
2223,48,118363,0,0
6933,330,440293,0,0
6686,279,440553,0,0
807,37,3899,0,0
2436,34,41230,0,0
1881,21,85,0,0
2160,86,156433,0,0
6635,296,401404,0,0
7285,255,450789,0,0
848,36,13287,0,0
1962,37,31329,0,0
2710,15,45,0,0
3252,49,143087,0,0
11646,380,374244,0,0
11508,209,391014,0,0
2389,30,11040,0,0
3535,51,11223,0,0
0,0,0,0,0
0,0,0,0,0
0,0,189599,0,0
0,0,0,0,0
0,0,0,0,0
0,0,99739,0,0
0,0,100620,0,0
0,0,0,0,0
0,0,0,0,0
0,0,287034,0,0
0,0,0,0,0
6964,325,125025,0,0
4444,120,55883,0,0
8363,275,124674,0,0
2591,55,64569,0,0
7846,256,94298,0,0
8525,157,215868,0,0
0,0,0,0,0
0,0,0,0,0
0,0,0,0,0
5657,313,75388,0,0
3527,166,24721,0,0
6603,279,160733,0,2
2206,47,75022,0,0
6696,136,163746,0,0
7135,171,230327,0,0
5940,472,165681,0,0
315,21,0,0,0
7649,287,189596,0,0
2421,68,109609,0,0
6940,151,184007,0,0
7339,261,248852,0,0
0,0,0,0,0
6202,461,227791,0,0
7744,258,151333,0,0
2395,113,99629,0,0
0,0,0,0,0
5391,145,189031,0,0
6265,196,245696,0,0
6210,411,243068,0,0
7437,372,163140,0,0
2267,75,102579,0,0
5788,156,160960,0,0
6329,235,259402,0,0
0,0,0,0,0
6069,351,222760,0,0
7442,286,148626,0,0
2394,82,83928,0,0
5205,179,154803,0,0
5789,162,215638,0,0
16,15,7516,0,0
6504,384,259143,0,0
8033,370,104378,0,0
2627,83,65583,0,0
5710,219,99078,0,0
6500,147,118030,0,0
6567,362,175748,0,0
7832,247,177613,0,0
2661,49,124108,0,0
5793,166,161295,0,0
6441,164,222478,0,0
5506,385,79989,0,0
7150,373,169273,0,0
2326,66,109441,0,0
5117,166,139469,0,0
5014,142,179838,7964,0
5658,398,109641,0,0
7081,310,185214,0,0
2008,79,83949,0,0
5430,184,187817,0,0
4767,142,198253,0,0
5012,299,72692,0,0
6967,345,189646,0,0
1642,90,87007,0,0
6176,204,126371,0,0
4033,165,177927,0,0
0,0,0,0,0
5611,400,62977,0,0
2226,75,3404,0,0
7921,282,117073,0,0
1788,70,73623,0,0
8119,206,112064,0,0
5457,198,178842,0,0
0,0,562408,0,0
0,0,0,0,0
0,0,0,0,0
0,0,697336,0,0
0,0,741544,0,0
0,0,529944,0,0
0,0,0,0,0
0,0,45381,0,0
0,0,494895,0,0
0,0,0,0,0
0,0,577354,0,0
0,0,0,0,0
0,0,559041,0,0
0,0,48161,0,0
0,0,536853,0,0
0,0,0,0,0
0,0,497409,0,0
0,0,0,0,0
0,0,519310,0,0
0,0,0,0,0
0,0,399965,0,0
0,0,0,0,0
0,0,494011,0,0
0,0,0,0,0
0,0,0,0,0
0,0,0,0,0
0,0,0,0,0
3895,80,0,0,0
3459,166,0,0,0
2627,82,0,0,0
1083,9,0,0,0
0,0,0,0,0
4918,94,0,0,0
4601,68,0,0,0
3662,51,0,0,0
2650,30,0,0,0
0,0,0,0,0
0,0,1113002,0,0
0,0,0,0,0
0,0,0,0,0
0,0,0,0,0
0,0,0,0,0
0,0,0,0,0
0,0,0,0,0
0,0,888448,0,0
0,0,82930,0,0
0,0,0,0,0
0,0,0,0,0
0,0,0,0,0
0,0,0,0,0
0,0,0,0,0
0,0,0,0,0
0,0,0,0,0
0,0,1109018,0,0
0,0,0,0,0
0,0,0,0,0
0,0,0,0,0
0,0,0,0,0
0,0,0,0,0
0,0,353915,0,0
0,0,0,0,0
0,0,4926,0,0
0,0,39720,0,0
0,0,18917,0,0
0,0,0,0,0
0,0,230987,0,0
0,0,0,0,0
0,0,0,0,0
0,0,50912,0,0
0,0,19292,0,0
0,0,341841,0,0
0,0,341841,0,0
0,0,0,0,0
0,0,0,0,0
0,0,83066,0,0
0,0,109041,0,0
0,0,246538,0,0
0,0,246538,0,0
0,0,0,0,0
0,0,0,0,0
0,0,32432,0,0
0,0,125695,0,0
0,0,289451,0,0
0,0,289451,0,0
0,0,11063,0,0
0,0,0,0,0
0,0,44263,0,0
0,0,121952,0,0
0,0,238644,0,0
0,0,238644,0,0
0,0,0,0,0
0,0,7166,0,0
0,0,36922,0,0
0,0,85515,0,0
0,0,274323,0,0
0,0,274323,0,0
0,0,0,0,0
0,0,0,0,0
0,0,26362,0,0
0,0,46632,0,0
0,0,320312,0,0
0,0,320312,0,0
0,0,116,0,0
0,0,4316,0,0
0,0,29039,0,0
0,0,40820,0,0
0,0,0,0,0
0,0,320578,0,0
0,0,0,0,0
0,0,3260,0,0
0,0,63009,0,0
0,0,16353,0,0
0,0,0,0,0
0,0,265501,0,0
0,0,0,0,0
0,0,2825,0,0
0,0,51762,0,0
0,0,11132,0,0
0,0,0,0,0
0,0,222410,0,0
0,0,116,0,0
0,0,0,0,0
0,0,56223,0,0
0,0,19074,0,0
0,0,0,0,0
0,0,262750,0,0
0,0,11580,0,0
0,0,0,0,0
0,0,51078,0,0
0,0,11650,0,0
0,0,51196,0,0
0,0,99793,0,0
0,0,50852,0,0
0,0,0,0,0
0,0,92777,0,0
0,0,141149,0,0
0,0,3611,0,0
0,0,236553,0,0
0,0,51546,0,0
0,0,47194,0,0
0,0,0,0,0
0,0,155069,0,0
0,0,63696,0,0
0,0,48839,0,0
0,0,116214,0,0
0,0,349367,0,0
0,0,192283,0,0
0,0,260193,0,0
0,0,148707,0,0
0,0,47972,0,0
0,0,0,0,0
0,0,196611,0,0
0,0,0,0,0
0,0,569574,0,0
0,0,68189,0,0
0,0,9453,0,0
0,0,496415,0,0
0,0,146984,0,0
0,0,261775,0,0
0,0,288186,0,0
0,0,71926,0,0
0,0,275387,0,0
0,0,76443,0,0
0,0,47576,0,0
0,0,156763,0,0
0,0,277876,0,0
0,0,0,0,0
0,0,0,0,0
0,0,241651,0,0
0,0,190578,0,0
0,0,47874,0,0
0,0,69303,0,0
0,0,46762,0,0
0,0,151086,0,0
0,0,0,0,0
0,0,0,0,0
0,0,529090,0,0
0,0,9049,0,0
0,0,79666,0,0
0,0,38349,0,0
0,0,193302,0,0
0,0,96441,0,0
0,0,152552,0,0
0,0,0,0,0
0,0,25924,0,0
0,0,130148,0,0
0,0,0,0,0
0,0,7159,0,0
0,0,37902,0,0
0,0,22520,0,0
0,0,124666,0,0
0,0,900025,0,0
0,0,340114,0,0
0,0,758772,0,0
0,0,280556,0,0
0,0,0,0,0
0,0,241894,0,0
0,0,361,0,0
0,0,7228,0,0
0,0,0,0,0
0,0,8385,0,0
0,0,0,0,0
0,0,1235588,0,0
0,0,845,0,0
0,0,397930,0,0
0,0,558831,0,0
0,0,0,0,0
0,0,246691,0,0
0,0,5456,0,0
0,0,18558,0,0
0,0,17678,0,0
0,0,35119,0,0
0,0,49657,0,0
0,0,1171310,0,0
0,0,0,0,0
0,0,425846,0,0
0,0,843198,0,0
0,0,0,0,0
0,0,0,0,0
0,0,6837,0,0
0,0,255888,0,0
0,0,0,0,0
0,0,46137,0,0
0,0,0,0,0
0,0,37820,0,0
0,0,0,0,0
0,0,20200,0,0
0,0,1446860,0,0
0,0,595415,0,0
0,0,743482,0,0
0,0,0,0,0
0,0,50190,0,0
0,0,33941,0,0
0,0,0,0,0
0,0,139861,0,0
0,0,31643,0,0
0,0,0,0,0
0,0,18696,0,0
0,0,82492,0,0
0,0,96115,0,0
0,0,1507787,0,0
0,0,0,0,0
0,0,595425,0,0
0,0,715491,0,0
0,0,33059,0,0
0,0,0,0,0
0,0,0,0,0
0,0,11507,0,0
0,0,0,0,0
0,0,248305,0,0
0,0,125923,0,0
0,0,0,0,0
0,0,94216,0,0
0,0,802038,0,0
0,0,359390,0,0
0,0,835321,0,0
0,0,0,0,0
0,0,3587,0,0
0,0,25805,0,0
0,0,458466,0,0
0,0,0,0,0
0,0,173636,0,0
0,0,166805,0,0
0,0,915674,0,0
0,0,152892,0,0
0,0,811420,0,0
0,0,0,0,0
0,0,24578,0,0
0,0,43998,0,0
0,0,3463,0,0
0,0,0,0,0
0,0,15668,0,0
0,0,142138,0,0
0,0,330901,0,0
0,0,95516,0,0
0,0,769518,0,0
0,0,318184,0,0
0,0,735941,0,0
0,0,50417,0,0
0,0,0,0,0
0,0,1044,0,0
0,0,0,0,0
0,0,26535,0,0
0,0,57459,0,0
0,0,41145,0,0
0,0,51681,0,0
0,0,83316,0,0
0,0,1138222,0,0
0,0,383331,0,0
0,0,528176,0,0
0,0,326608,0,0
0,0,447175,0,0
0,0,0,0,0
0,0,24164,0,0
0,0,0,0,0
0,0,0,0,0
0,0,0,0,0
0,0,9847,0,0
0,0,0,0,0
0,0,98224,0,0
0,0,1106615,0,0
0,0,0,0,0
0,0,148603,0,0
0,0,153084,0,0
0,0,244858,0,0
0,0,254177,0,0
0,0,12067,0,0
0,0,0,0,0
0,0,29158,0,0
0,0,0,0,0
0,0,358832,0,0
0,0,951847,0,0
0,0,228084,0,0
0,0,288046,0,0
0,0,144277,0,0
0,0,22528,0,0
0,0,0,0,0
0,0,0,0,0
0,0,16464,0,0
0,0,0,0,0
0,0,551490,0,0
0,0,1182679,0,0
0,0,191057,0,0
0,0,152376,0,0
0,0,241038,0,0
0,0,0,0,0
0,0,0,0,0
0,0,0,0,0
0,0,0,0,0
0,0,0,0,0
0,0,7370,0,0
0,0,0,0,0
0,0,0,0,0
0,0,0,0,0
0,0,0,0,0
0,0,0,0,0
0,0,0,0,0
0,0,0,0,0
0,0,0,0,0
0,0,0,0,0
0,0,0,0,0
0,0,0,0,0
0,0,0,0,0
0,0,0,0,0
0,0,0,0,0
0,0,0,0,0
0,0,0,0,0
0,0,0,0,0
0,0,0,0,0
0,0,0,0,0
0,0,0,0,0
0,0,0,0,0
0,0,7376,0,0
0,0,0,0,0
0,0,0,0,0
0,0,0,0,0
0,0,0,0,0
0,0,16711,0,0
0,0,0,0,0
0,0,0,0,0
0,0,0,0,0
0,0,0,0,0
0,0,0,0,0
0,0,0,0,0
0,0,0,0,0
0,0,0,0,0
0,0,0,0,0
0,0,6415,0,0
0,0,0,0,0
0,0,0,0,0
0,0,0,0,0
0,0,0,0,0
0,0,0,0,0
0,0,0,0,0
0,0,0,0,0
0,0,0,0,0
0,0,0,0,0
0,0,0,0,0
187,5,0,600,0
5051,139,42538,16131,0
6206,273,281329,19250,0
0,0,196428,0,0
0,0,0,0,0
3928,109,54739,15000,0
4651,200,253624,15000,0
0,0,244862,0,0
0,0,0,0,0
4445,183,333153,18380,0
5194,224,290612,18600,0
0,0,459604,0,0
0,0,0,0,0
198,5,14170,600,0
5284,214,263661,18022,0
5941,237,286957,18928,0
0,0,719356,0,0
0,0,63527,0,0
0,0,0,0,0
6021,191,207720,19740,0
5933,331,364908,18980,0
0,0,759336,0,0
0,0,0,0,0
5475,127,163403,18160,0
5282,168,352846,17780,0
0,0,469854,0,0
0,0,0,0,0
6171,123,203259,19200,0
6082,188,250799,19430,0
0,0,404884,0,0
0,0,0,0,0
6112,129,157173,18980,0
4513,208,141870,15980,0
0,0,0,0,0
0,0,666284,0,0
0,0,0,0,0
5444,139,356596,18000,0
5495,174,121448,16920,0
0,0,0,0,0
0,0,857642,0,0
0,0,0,0,0
3994,151,244558,13200,0
5152,184,213807,15000,0
0,0,0,0,0
0,0,465149,0,0
0,0,319321,0,0
0,0,0,0,0
4543,141,137306,13200,0
5526,190,222960,10800,0
0,0,0,0,0
0,0,718589,0,0
0,0,0,0,0
6115,106,143314,14400,0
10851,168,278107,21600,0
0,0,0,0,0
0,0,617223,0,0
956,2,98,0,0
586,9,0,0,0
982,1,26974,0,0
1675,8,28610,0,0
5933,33,86290,0,0
213,0,2107,0,0
10062,81,236408,0,0
9970,69,108253,0,0
21429,121,1331311,0,251
5642,15,180541,0,413
999,1,32439,0,0
721,1,165,0,0
465,8,1,0,0
795,3,12466,0,0
1786,22,385,0,0
4162,33,106927,20186,0
10233,137,379525,2310,465
7289,97,121910,0,0
15923,204,1196740,7037,10732
4803,21,253670,844,0
763,2,19925,0,0
903,1,6156,0,0
643,0,1355,543,0
780,5,17659,0,0
2233,33,53153,0,0
4686,31,259212,4759,0
9483,94,391851,3124,1135
7906,137,212296,246,0
19585,168,1449454,8710,11730
5561,19,321047,545,0
731,5,28577,0,0
334,0,17653,0,0
0,0,14110,0,0
775,1,4968,0,0
563,6,0,0,0
771,8,24993,0,0
2666,43,206021,0,0
4745,48,371307,0,21
0,0,0,0,0
9781,90,338460,2570,714
6165,108,222382,0,0
19192,245,1121968,6598,16544
5865,13,258180,893,0
721,2,34608,0,0
233,1,0,0,0
0,0,0,0,0
1090,0,10540,0,0
566,0,10975,0,0
1506,4,64118,2870,0
2484,9,165072,0,0
4449,29,328370,9890,0
9550,10,353100,2579,524
5842,14,260739,96,0
18819,128,1284484,3442,19051
5588,12,256425,989,0
1255,0,28793,0,0
476,0,3964,0,0
0,0,0,0,0
0,0,0,0,0
1130,5,35578,0,0
689,0,0,0,0
1713,8,41882,832,0
2343,21,196844,0,0
4814,50,445818,9968,0
9076,74,426159,2673,0
2343,37,0,0,0
5551,70,314564,0,0
17120,274,1215946,3546,17910
5041,17,274241,841,0
1463,8,54726,0,0
613,3,2642,0,0
0,0,0,0,0
1104,2,50065,0,0
556,7,0,0,0
1496,8,34870,0,0
2282,3,75479,1550,0
4157,20,264899,0,0
3974,22,284252,8303,0
3429,21,53969,90,0
8961,68,401712,2828,1050
2429,34,0,0,0
9115,68,189791,0,0
18240,348,1142110,7122,16668
5391,12,267014,498,0
1669,15,30194,0,0
870,6,14862,0,0
0,0,0,0,0
908,1,43563,0,0
545,3,0,0,0
1189,1,19594,0,0
1802,6,40880,3016,0
2334,16,148377,0,0
4544,31,185110,5523,0
3405,17,94354,0,0
9741,77,472988,2318,2321
2497,48,31228,0,0
7875,116,290963,0,0
15017,235,1145514,3151,36340
6549,38,341358,918,0
1129,6,35459,0,0
564,1,22850,0,0
193,0,1545,0,0
872,1,11427,0,0
563,3,0,0,0
1350,10,9729,0,0
1652,3,44841,1560,0
2467,19,20425,0,0
4722,69,72057,13147,0
3141,27,86743,0,0
8985,84,390651,2537,23
2103,52,83,0,0
7881,103,290741,0,0
16616,226,1118625,5242,49967
5715,33,292891,517,267
1411,8,35930,0,0
588,15,13684,0,0
0,0,0,0,0
900,1,8701,0,0
0,0,0,0,0
436,1,0,0,0
1130,3,50266,0,0
2052,4,104962,0,0
2570,20,44930,0,0
5024,62,119454,10006,0
3210,14,145015,110,0
9520,80,469561,2248,33
5833,86,436794,0,0
18204,274,1375227,7794,49032
0,0,0,0,0
5803,26,280610,703,0
1506,3,27285,0,0
606,1,16885,0,0
0,0,0,0,0
1138,2,8007,0,0
541,2,0,0,0
1580,2,25346,2395,0
2573,15,68759,0,0
2829,31,152648,0,0
5694,60,137449,4516,0
2547,20,121011,0,0
8552,55,429501,2273,30
6062,101,278124,0,0
19172,250,1150600,5049,58612
5385,8,254704,221,0
186,0,12335,0,0
1575,5,26012,0,0
683,6,25247,0,0
1335,2,3637,0,0
772,1,0,0,0
1771,5,34434,0,0
2846,1,80723,1955,0
4431,15,49990,0,0
4821,33,42100,0,0
3237,13,148295,0,0
8978,54,477290,2969,0
1434,9,3620,0,0
9495,104,169397,95,0
22678,322,1249412,3718,27588
4890,16,189497,620,0
1911,5,59771,0,0
1072,6,13708,0,0
0,0,0,0,0
0,0,0,0,0
0,0,0,0,0
0,0,0,0,0
0,0,0,0,0
0,0,0,0,0
6115,217,110135,1266,155
7182,193,146752,4780,235
6228,228,254055,727,0
6034,93,119180,2986,3
7451,224,402517,0,2348
4993,205,111608,765,32
5586,296,142531,698,0
3824,160,201911,948,0
4514,102,167140,15467,0
4955,239,468087,0,2585
5229,353,153011,185,0
7033,510,263576,1201,0
4913,406,222843,0,0
5735,120,197110,2037,363
6294,263,474314,0,2062
5456,215,278796,424,0
7474,261,297009,859,475
5056,308,201188,1880,0
5609,112,189786,3973,0
7136,251,409691,0,2532
5579,242,251638,132,796
7637,272,367234,19,0
5485,176,144226,519,0
5739,104,193330,2983,0
6949,249,370785,435,2040
5244,187,204054,968,723
7399,219,262896,94,2
5405,168,141211,1101,0
5407,99,139009,3468,27
6587,221,373467,1195,2331
5802,248,250524,483,0
7493,291,332436,1043,0
5893,161,209233,2689,0
6112,121,183772,6076,229
7571,199,317451,2296,3159
5487,234,162625,648,8
7801,285,236182,14,0
5919,181,176017,747,0
5626,131,192491,1706,0
7330,227,331175,326,2863
5097,259,166397,415,1
6894,278,264734,5,0
4825,178,190382,547,0
5203,116,247490,3029,0
6571,236,284368,32,2750
197,9,1674,141,720
307,10,11842,0,0
5311,275,182431,984,0
6964,224,334531,11,0
4529,193,202036,4,0
5583,136,193685,3799,0
6105,209,430027,1,2604
0,0,0,0,0
4904,232,116025,2297,0
6991,274,179068,104,0
4291,176,108045,162,0
5641,136,150487,2694,0
5943,173,308941,1,2583
0,0,0,0,0
0,0,0,0,0
0,0,0,0,0
1144,32,29003,387,0
5758,252,157319,1935,705
0,0,0,0,0
6821,271,107088,0,5926
4557,117,81485,391,0
5651,129,151190,1519,766
7812,223,361387,3,4594
0,0,0,0,0
0,0,145852,0,0
0,0,546791,0,0
0,0,0,0,0
0,0,168101,0,0
0,0,532840,0,0
0,0,0,0,0
0,0,217226,0,0
0,0,541515,0,0
0,0,0,0,0
0,0,192123,0,0
0,0,536300,0,0
0,0,0,0,0
0,0,195676,0,0
0,0,636177,0,0
0,0,0,0,0
0,0,0,0,0
0,0,365429,0,0
0,0,0,0,0
0,0,549754,0,0
0,0,0,0,0
0,0,247930,0,0
0,0,491830,0,0
0,0,0,0,0
0,0,201502,0,0
0,0,230561,0,0
0,0,0,0,0
0,0,198180,0,0
0,0,211600,0,0
0,0,0,0,0
0,0,0,0,0
0,0,210782,0,0
0,0,177721,0,0
0,0,0,0,0
0,0,0,0,0
0,0,243829,0,0
0,0,211625,0,0
0,0,0,0,0
0,0,174333,0,0
0,0,167928,0,0
